[gd_scene load_steps=2 format=2]

[ext_resource path="res://Assets/Models/Worlds/Levels/Level 1.glb" type="PackedScene" id=1]

[node name="Level 1" instance=ExtResource( 1 )]

[node name="ORG-thighL" parent="rig/root/ORG-Bone" index="0"]
transform = Transform( 1, 1.24345e-13, 2.38419e-07, 9.62376e-08, -0.914914, -0.403649, 2.18132e-07, 0.403649, -0.914914, 0.788794, 0.100969, -0.0356572 )

[node name="ORG-footL" parent="rig/root/ORG-Bone/ORG-thighL/ORG-shinL" index="0"]
transform = Transform( 0.999999, -3.49246e-10, -0.00135335, 0.00133975, 0.141408, 0.989949, 0.000191374, -0.989951, 0.141407, 1.44324e-15, 0.699703, 5.55056e-09 )

[node name="ORG-toeL" parent="rig/root/ORG-Bone/ORG-thighL/ORG-shinL/ORG-footL" index="0"]
transform = Transform( -0.999999, -0.000350984, -0.00130705, 2.91038e-10, 0.965785, -0.259346, 0.00135335, -0.259345, -0.965786, -1.73777e-07, 0.264127, -2.38688e-09 )

[node name="ORG-heel02L" parent="rig/root/ORG-Bone/ORG-thighL/ORG-shinL/ORG-footL" index="1"]
transform = Transform( -0.00130701, 0.999999, 0.000351042, -0.259345, 1.19209e-07, -0.965785, -0.965784, -0.00135335, 0.259345, -0.114938, -0.196195, 0.141059 )

[node name="MCH-toeL" parent="rig/root/ORG-Bone/ORG-thighL/ORG-shinL/ORG-footL" index="2"]
transform = Transform( 0.999999, 0.000351002, -0.00130704, 1.75351e-08, -0.965785, -0.259346, -0.00135335, 0.259345, -0.965786, -1.14167e-07, 0.264127, 1.39698e-09 )

[node name="MCH-foot_tweakL" parent="rig/root/ORG-Bone/ORG-thighL/ORG-shinL/ORG-footL" index="3"]
transform = Transform( 1, 2.54477e-11, -1.28421e-09, -2.54476e-11, 1, 7.45059e-08, 1.28421e-09, -7.45059e-08, 1, -1.73771e-07, -6.89179e-08, -4.65661e-09 )

[node name="foot_tweakL" parent="rig/root/ORG-Bone/ORG-thighL/ORG-shinL/ORG-footL/MCH-foot_tweakL" index="0"]
transform = Transform( 1, -1.11478e-10, 3.27418e-11, 1.11478e-10, 1, -1.04308e-07, -3.27418e-11, 1.04308e-07, 1, -5.46538e-08, -1.85346e-08, -1.234e-08 )

[node name="MCH-shin_tweakL" parent="rig/root/ORG-Bone/ORG-thighL/ORG-shinL" index="1"]
transform = Transform( 1, -1.60142e-21, 5.68434e-14, 1.60142e-21, 1, -2.6331e-36, -5.68434e-14, 9.36634e-35, 1, -5.96046e-08, -4.74974e-08, 3.7253e-08 )

[node name="MCH-shin_tweakL001" parent="rig/root/ORG-Bone/ORG-thighL/ORG-shinL" index="2"]
transform = Transform( 1, 5.34728e-10, -0.000582409, -6.10666e-10, 1, -1.30385e-07, 0.00058241, 1.30386e-07, 0.999999, -5.96046e-08, 0.349851, 5.21541e-08 )

[node name="shin_tweakL001" parent="rig/root/ORG-Bone/ORG-thighL/ORG-shinL/MCH-shin_tweakL001" index="0"]
transform = Transform( 1, 3.63798e-12, 2.50111e-11, -3.63798e-12, 1, -2.6077e-08, -2.50111e-11, 2.6077e-08, 1, -5.04871e-29, 1.97906e-08, 1.86275e-09 )

[node name="MCH-thigh_tweakL001" parent="rig/root/ORG-Bone/ORG-thighL" index="1"]
transform = Transform( 1, 1.80203e-14, -1.1838e-07, -3.02637e-15, 1, 1.2666e-07, 1.1838e-07, -1.2666e-07, 1, -4.57899e-09, 0.371112, -3.07975e-08 )

[node name="ORG-thighR" parent="rig/root/ORG-Bone" index="1"]
transform = Transform( 1, -1.24345e-13, -2.38419e-07, -9.62376e-08, -0.914914, -0.403649, -2.18132e-07, 0.403649, -0.914914, -0.788794, 0.100969, -0.0356572 )

[node name="ORG-footR" parent="rig/root/ORG-Bone/ORG-thighR/ORG-shinR" index="0"]
transform = Transform( 0.999999, -2.91038e-10, -0.0013543, 0.00134069, 0.141408, 0.989949, 0.000191508, -0.989951, 0.141407, -1.19199e-07, 0.699703, 7.86307e-10 )

[node name="ORG-toeR" parent="rig/root/ORG-Bone/ORG-thighR/ORG-shinR/ORG-footR" index="0"]
transform = Transform( -0.999999, -0.000351231, -0.00130797, 3.20142e-10, 0.965785, -0.259346, 0.0013543, -0.259345, -0.965786, 1.69002e-07, 0.264127, -1.9662e-09 )

[node name="MCH-toeR" parent="rig/root/ORG-Bone/ORG-thighR/ORG-shinR/ORG-footR" index="2"]
transform = Transform( 0.999999, 0.00035125, -0.00130797, 1.82627e-08, -0.965785, -0.259346, -0.00135431, 0.259345, -0.965786, 1.09403e-07, 0.264127, 1.97906e-09 )

[node name="MCH-foot_tweakR" parent="rig/root/ORG-Bone/ORG-thighR/ORG-shinR/ORG-footR" index="3"]
transform = Transform( 1, -2.01159e-10, -1.61162e-09, 2.01159e-10, 1, 7.45058e-08, 1.61162e-09, -7.45058e-08, 1, 4.98017e-08, -6.51467e-08, -4.07454e-09 )

[node name="foot_tweakR" parent="rig/root/ORG-Bone/ORG-thighR/ORG-shinR/ORG-footR/MCH-foot_tweakR" index="0"]
transform = Transform( 1, 1.92526e-10, 5.09317e-11, -1.92526e-10, 1, -1.04308e-07, -5.09317e-11, 1.04308e-07, 1, -9.92759e-09, -1.48093e-08, -1.86265e-09 )

[node name="MCH-shin_tweakR" parent="rig/root/ORG-Bone/ORG-thighR/ORG-shinR" index="1"]
transform = Transform( 1, 1.60142e-21, -5.68434e-14, -1.60142e-21, 1, -2.6331e-36, 5.68434e-14, 9.36634e-35, 1, 5.96046e-08, -4.74974e-08, 3.7253e-08 )

[node name="MCH-shin_tweakR001" parent="rig/root/ORG-Bone/ORG-thighR/ORG-shinR" index="2"]
transform = Transform( 1, 1.11677e-09, -0.000582818, -1.19276e-09, 0.999999, -1.30385e-07, 0.000582818, 1.30386e-07, 0.999998, 5.96046e-08, 0.349851, 5.21541e-08 )

[node name="shin_tweakR001" parent="rig/root/ORG-Bone/ORG-thighR/ORG-shinR/MCH-shin_tweakR001" index="0"]
transform = Transform( 1, 3.63798e-12, -1.77351e-11, -3.63798e-12, 1, -3.35276e-08, 1.77351e-11, 3.35276e-08, 1, 5.96046e-08, 1.97906e-08, -3.72519e-09 )

[node name="MCH-thigh_tweakR001" parent="rig/root/ORG-Bone/ORG-thighR" index="1"]
transform = Transform( 1, -2.23269e-14, 1.1838e-07, 8.21494e-15, 1, 1.19209e-07, -1.1838e-07, -1.19209e-07, 1, 4.57899e-09, 0.371112, -3.07975e-08 )

[node name="DEF-Bone" parent="rig/root/ORG-Bone" index="2"]
transform = Transform( 1, 6.28657e-23, 3.30871e-24, -6.28657e-23, 1, -2.5332e-07, -3.30873e-24, 2.5332e-07, 1, -7.44463e-23, 1.39698e-08, -5.21541e-08 )

[node name="MCH-thigh_parentL" parent="rig/root/ORG-Bone" index="3"]
transform = Transform( 1, 0, -2.6682e-16, 2.61339e-16, -0.201653, 0.979457, -5.38051e-17, -0.979457, -0.201653, 0.788795, 0.100969, -0.0356571 )

[node name="MCH-thigh_parent_socketL" parent="rig/root/ORG-Bone/MCH-thigh_parentL" index="0"]
transform = Transform( 1, -8.52651e-14, 2.38419e-07, -2.33058e-07, -0.210863, 0.977516, 5.02735e-08, -0.977516, -0.210863, -5.96046e-08, 1.32064e-08, 2.14031e-09 )

[node name="thigh_parentL" parent="rig/root/ORG-Bone/MCH-thigh_parentL/MCH-thigh_parent_socketL" index="0"]
transform = Transform( 1, -1.77636e-15, 4.44089e-16, 1.77636e-15, 1, -1.49012e-08, -4.44089e-16, 1.49012e-08, 1, -3.32053e-31, 1.49012e-08, 1.49012e-08 )

[node name="thigh_fkL" parent="rig/root/ORG-Bone/MCH-thigh_parentL" index="1"]
transform = Transform( 1, 7.10543e-15, 2.38419e-07, -2.33058e-07, -0.210862, 0.977516, 5.02735e-08, -0.977516, -0.210862, -5.96046e-08, -1.35971e-09, 5.2824e-09 )

[node name="MCH-foot_fkL" parent="rig/root/ORG-Bone/MCH-thigh_parentL/thigh_fkL/shin_fkL" index="0"]
transform = Transform( 0.999999, 5.82077e-11, -0.00135334, 0.00133975, 0.141407, 0.98995, 0.000191373, -0.989952, 0.141407, 6.45344e-08, 0.699703, -2.35235e-11 )

[node name="thigh_ikL" parent="rig/root/ORG-Bone/MCH-thigh_parentL" index="2"]
transform = Transform( 1, 7.10543e-15, 2.38419e-07, -2.33058e-07, -0.210862, 0.977516, 5.02735e-08, -0.977516, -0.210862, -5.96046e-08, -1.35971e-09, 5.2824e-09 )

[node name="MCH-shin_ikL" parent="rig/root/ORG-Bone/MCH-thigh_parentL/thigh_ikL" index="0"]
transform = Transform( 1, -7.79157e-08, -2.25328e-07, 0, 0.945093, -0.326802, 2.38419e-07, 0.326802, 0.945093, -6.41836e-08, 0.742224, 3.1192e-08 )

[node name="MCH-thigh_ik_stretchL" parent="rig/root/ORG-Bone/MCH-thigh_parentL" index="3"]
transform = Transform( 1, -2.84217e-14, 2.38419e-07, -2.38109e-07, -0.0509306, 0.998702, 1.21428e-08, -0.998702, -0.0509306, -5.96046e-08, 1.16619e-08, 4.61835e-09 )

[node name="MCH-thigh_tweakL" parent="rig/root/ORG-Bone" index="4"]
transform = Transform( 1, -6.39488e-14, 2.38419e-07, 9.62375e-08, -0.914914, -0.403649, 2.18133e-07, 0.403649, -0.914914, 0.788795, 0.100969, -0.0356572 )

[node name="DEF-thighL" parent="rig/root/ORG-Bone" index="5"]
transform = Transform( 1, 1.27898e-13, 2.38419e-07, 9.62376e-08, -0.914914, -0.403649, 2.18132e-07, 0.403649, -0.914914, 0.788794, 0.100969, -0.0356572 )

[node name="DEF-shinL" parent="rig/root/ORG-Bone/DEF-thighL/DEF-thighL001" index="0"]
transform = Transform( 1, -3.9229e-08, -1.13448e-07, 1.24345e-14, 0.945092, -0.326802, 1.20039e-07, 0.326802, 0.945093, 1.1463e-07, 0.371112, -2.12009e-08 )

[node name="DEF-shinL001" parent="rig/root/ORG-Bone/DEF-thighL/DEF-thighL001/DEF-shinL" index="0"]
transform = Transform( 1, -6.356e-13, -0.000582409, -1.23823e-11, 1, -2.23518e-08, 0.000582409, 2.23518e-08, 0.999999, 5.96046e-08, 0.349851, 8.83529e-14 )

[node name="DEF-footL" parent="rig/root/ORG-Bone/DEF-thighL/DEF-thighL001/DEF-shinL/DEF-shinL001" index="0"]
transform = Transform( 0.999999, -0.000576557, -0.00127099, 0.00133975, 0.141407, 0.989949, -0.000391035, -0.989952, 0.141408, 1.19209e-07, 0.349851, 4.6307e-09 )

[node name="DEF-toeL" parent="rig/root/ORG-Bone/DEF-thighL/DEF-thighL001/DEF-shinL/DEF-shinL001/DEF-footL" index="0"]
transform = Transform( -0.999999, -0.000350984, -0.00130705, -2.91038e-11, 0.965785, -0.259345, 0.00135335, -0.259345, -0.965786, 4.46562e-09, 0.264127, 1.21072e-08 )

[node name="MCH-thigh_parentR" parent="rig/root/ORG-Bone" index="6"]
transform = Transform( 1, 0, -2.6682e-16, 2.61339e-16, -0.201653, 0.979457, -5.38051e-17, -0.979457, -0.201653, -0.788795, 0.100969, -0.0356571 )

[node name="MCH-thigh_parent_socketR" parent="rig/root/ORG-Bone/MCH-thigh_parentR" index="0"]
transform = Transform( 1, 8.52651e-14, -2.38419e-07, 2.33058e-07, -0.210863, 0.977516, -5.02735e-08, -0.977516, -0.210863, 5.96046e-08, 1.32064e-08, 2.14031e-09 )

[node name="thigh_fkR" parent="rig/root/ORG-Bone/MCH-thigh_parentR" index="1"]
transform = Transform( 1, -7.10543e-15, -2.38419e-07, 2.33058e-07, -0.210862, 0.977516, -5.02735e-08, -0.977516, -0.210862, 5.96046e-08, -1.35971e-09, 5.2824e-09 )

[node name="MCH-foot_fkR" parent="rig/root/ORG-Bone/MCH-thigh_parentR/thigh_fkR/shin_fkR" index="0"]
transform = Transform( 0.999999, 1.16415e-10, -0.0013543, 0.00134069, 0.141407, 0.98995, 0.000191508, -0.989952, 0.141407, -6.95468e-08, 0.699703, 6.9273e-09 )

[node name="thigh_ikR" parent="rig/root/ORG-Bone/MCH-thigh_parentR" index="2"]
transform = Transform( 1, -7.10543e-15, -2.38419e-07, 2.33058e-07, -0.210862, 0.977516, -5.02735e-08, -0.977516, -0.210862, 5.96046e-08, -1.35971e-09, 5.2824e-09 )

[node name="MCH-shin_ikR" parent="rig/root/ORG-Bone/MCH-thigh_parentR/thigh_ikR" index="0"]
transform = Transform( 1, 7.79157e-08, 2.25328e-07, 0, 0.945093, -0.326802, -2.38419e-07, 0.326802, 0.945093, 6.41836e-08, 0.742224, 3.1192e-08 )

[node name="MCH-thigh_ik_stretchR" parent="rig/root/ORG-Bone/MCH-thigh_parentR" index="3"]
transform = Transform( 1, 2.84217e-14, -2.38419e-07, 2.38109e-07, -0.0509306, 0.998702, -1.21428e-08, -0.998702, -0.0509306, 5.96046e-08, 1.16619e-08, 4.61835e-09 )

[node name="MCH-thigh_tweakR" parent="rig/root/ORG-Bone" index="7"]
transform = Transform( 1, 6.03961e-14, -2.38419e-07, -9.62375e-08, -0.914914, -0.403649, -2.18133e-07, 0.403649, -0.914914, -0.788795, 0.100969, -0.0356572 )

[node name="DEF-thighR" parent="rig/root/ORG-Bone" index="8"]
transform = Transform( 1, -1.27898e-13, -2.38419e-07, -9.62376e-08, -0.914914, -0.403649, -2.18132e-07, 0.403649, -0.914914, -0.788794, 0.100969, -0.0356572 )

[node name="DEF-thighR001" parent="rig/root/ORG-Bone/DEF-thighR" index="0"]
transform = Transform( 1, 3.84037e-15, 1.1838e-07, -1.19438e-15, 1, -2.23517e-08, -1.1838e-07, 2.23517e-08, 1, 6.41836e-08, 0.371112, -1.58963e-08 )

[node name="DEF-shinR" parent="rig/root/ORG-Bone/DEF-thighR/DEF-thighR001" index="0"]
transform = Transform( 1, 3.9229e-08, 1.13448e-07, -1.95399e-14, 0.945093, -0.326802, -1.20039e-07, 0.326802, 0.945092, 4.579e-09, 0.371112, -7.00305e-09 )

[node name="DEF-shinR001" parent="rig/root/ORG-Bone/DEF-thighR/DEF-thighR001/DEF-shinR" index="0"]
transform = Transform( 1, -4.28423e-12, -0.000582817, -8.74279e-12, 1, -2.23517e-08, 0.000582818, 2.23518e-08, 0.999998, -5.96046e-08, 0.349851, -3.7252e-09 )

[node name="DEF-footR" parent="rig/root/ORG-Bone/DEF-thighR/DEF-thighR001/DEF-shinR/DEF-shinR001" index="0"]
transform = Transform( 0.999999, -0.000576962, -0.00127189, 0.00134069, 0.141407, 0.989948, -0.000391309, -0.989953, 0.141408, -5.32907e-14, 0.349851, 9.42848e-10 )

[node name="DEF-toeR" parent="rig/root/ORG-Bone/DEF-thighR/DEF-thighR001/DEF-shinR/DEF-shinR001/DEF-footR" index="0"]
transform = Transform( -0.999999, -0.000351232, -0.00130797, 0, 0.965785, -0.259345, 0.0013543, -0.259345, -0.965786, 4.92055e-08, 0.264127, 2.56114e-09 )

[node name="ORG-Bone001" parent="rig/root" index="1"]
transform = Transform( 1, 2.84217e-14, 2.38419e-07, 2.38251e-07, -0.0374362, -0.999299, 8.92548e-09, 0.999299, -0.0374362, 1.77636e-15, 0.0255334, 1.63498 )

[node name="ORG-upper_armL" parent="rig/root/ORG-Bone001" index="0"]
transform = Transform( -0.749501, 0.155437, 0.643497, -0.0836943, -0.986493, 0.140807, 0.656692, 0.0516782, 0.752386, 0.978557, 1.1501, -0.104101 )

[node name="ORG-forearmL" parent="rig/root/ORG-Bone001/ORG-upper_armL" index="0"]
transform = Transform( 1, -2.26602e-08, 1.50867e-07, 4.66894e-08, 0.986915, -0.161239, -1.45239e-07, 0.161239, 0.986915, -3.7253e-09, 1.14504, 1.48641e-07 )

[node name="ORG-handL" parent="rig/root/ORG-Bone001/ORG-upper_armL/ORG-forearmL" index="0"]
transform = Transform( 0.844445, 0.535643, -3.44764e-07, -0.535642, 0.844444, -0.00138382, -0.00074094, 0.00116874, 0.999999, -6.15501e-08, 0.775962, 2.61654e-08 )

[node name="ORG-palm04L" parent="rig/root/ORG-Bone001/ORG-upper_armL/ORG-forearmL/ORG-handL" index="0"]
transform = Transform( -0.258067, -0.664888, 0.700946, -0.607684, 0.67574, 0.417248, -0.751081, -0.318275, -0.578428, 0.00919602, 0.0566852, -0.0427509 )

[node name="ORG-f_pinky01L" parent="rig/root/ORG-Bone001/ORG-upper_armL/ORG-forearmL/ORG-handL/ORG-palm04L" index="0"]
transform = Transform( 0.745588, -0.249147, 0.618081, 0.34476, 0.93793, -0.037804, -0.570297, 0.241275, 0.785205, -2.17899e-08, 0.23721, -1.63452e-07 )

[node name="ORG-f_pinky02L" parent="rig/root/ORG-Bone001/ORG-upper_armL/ORG-forearmL/ORG-handL/ORG-palm04L/ORG-f_pinky01L" index="0"]
transform = Transform( 1, -8.33427e-07, 2.08705e-07, 8.44168e-07, 0.907934, -0.419113, 1.5981e-07, 0.419113, 0.907934, -9.49949e-08, 0.177151, -1.36467e-07 )

[node name="DEF-f_pinky01L" parent="rig/root/ORG-Bone001/ORG-upper_armL/ORG-forearmL/ORG-handL/ORG-palm04L" index="1"]
transform = Transform( 0.745588, -0.249147, 0.618081, 0.34476, 0.93793, -0.037804, -0.570297, 0.241275, 0.785205, -2.17899e-08, 0.23721, -1.63452e-07 )

[node name="DEF-f_pinky02L" parent="rig/root/ORG-Bone001/ORG-upper_armL/ORG-forearmL/ORG-handL/ORG-palm04L/DEF-f_pinky01L" index="0"]
transform = Transform( 1, -8.33427e-07, 2.08705e-07, 8.44168e-07, 0.907934, -0.419113, 1.5981e-07, 0.419113, 0.907934, -9.49949e-08, 0.177151, -1.36467e-07 )

[node name="f_pinky01_masterL" parent="rig/root/ORG-Bone001/ORG-upper_armL/ORG-forearmL/ORG-handL/ORG-palm04L" index="2"]
transform = Transform( 0.798437, -0.17955, 0.57256, 0.332033, 0.89624, -0.160739, -0.502247, 0.307064, 0.803952, 8.68039e-08, 0.23721, 4.10015e-08 )

[node name="MCH-f_pinky01_drvL" parent="rig/root/ORG-Bone001/ORG-upper_armL/ORG-forearmL/ORG-handL/ORG-palm04L" index="3"]
transform = Transform( 0.745588, -0.249147, 0.618082, 0.34476, 0.93793, -0.037804, -0.570298, 0.241276, 0.785205, -2.179e-08, 0.23721, -1.63452e-07 )

[node name="f_pinky01L2" parent="rig/root/ORG-Bone001/ORG-upper_armL/ORG-forearmL/ORG-handL/ORG-palm04L/MCH-f_pinky01_drvL" index="0"]
transform = Transform( 1, -4.37722e-07, -1.22095e-06, 4.37721e-07, 1, -7.75326e-07, 1.22095e-06, 7.75326e-07, 1, 1.86262e-09, 3.03262e-08, 3.91155e-08 )

[node name="MCH-f_pinky02_drvL" parent="rig/root/ORG-Bone001/ORG-upper_armL/ORG-forearmL/ORG-handL/ORG-palm04L/MCH-f_pinky01_drvL/f_pinky01L2" index="0"]
transform = Transform( 1, 3.74722e-07, 2.62858e-07, -2.30057e-07, 0.907935, -0.419111, -3.95708e-07, 0.419111, 0.907935, -3.53902e-08, 0.177151, 2.00217e-08 )

[node name="f_pinky02L2" parent="rig/root/ORG-Bone001/ORG-upper_armL/ORG-forearmL/ORG-handL/ORG-palm04L/MCH-f_pinky01_drvL/f_pinky01L2/MCH-f_pinky02_drvL" index="0"]
transform = Transform( 1, -2.77534e-07, -2.81725e-07, 2.77534e-07, 1, -3.53903e-07, 2.81725e-07, 3.53903e-07, 1, 6.51926e-08, -1.33645e-07, 1.83471e-07 )

[node name="f_pinky01L0012" parent="rig/root/ORG-Bone001/ORG-upper_armL/ORG-forearmL/ORG-handL/ORG-palm04L/MCH-f_pinky01_drvL/f_pinky01L2/MCH-f_pinky02_drvL/f_pinky02L2" index="0"]
transform = Transform( -0.498473, -1.06995e-08, -0.866905, 3.23276e-09, -1, 1.04833e-08, -0.866905, 2.42317e-09, 0.498473, -6.98947e-08, 0.145747, -6.72965e-08 )

[node name="MCH-f_pinky02L" parent="rig/root/ORG-Bone001/ORG-upper_armL/ORG-forearmL/ORG-handL/ORG-palm04L/MCH-f_pinky01_drvL/f_pinky01L2/MCH-f_pinky02_drvL/f_pinky02L2" index="1"]
transform = Transform( 1, -3.5949e-07, -3.30619e-08, 3.5949e-07, 1, -5.62519e-07, 3.30621e-08, 5.62519e-07, 1, 4.65661e-08, -1.0489e-07, -3.2736e-07 )

[node name="MCH-f_pinky01L" parent="rig/root/ORG-Bone001/ORG-upper_armL/ORG-forearmL/ORG-handL/ORG-palm04L" index="4"]
transform = Transform( 0.745588, -0.249147, 0.618081, 0.34476, 0.93793, -0.037804, -0.570297, 0.241275, 0.785205, -2.17899e-08, 0.23721, -1.63452e-07 )

[node name="ORG-palm04L001" parent="rig/root/ORG-Bone001/ORG-upper_armL/ORG-forearmL/ORG-handL" index="1"]
transform = Transform( -0.671916, -0.260659, 0.693243, 0.0351242, 0.923753, 0.381375, -0.739794, 0.280601, -0.611529, 0.0480012, 0.0259456, -0.0327566 )

[node name="ORG-f_pinky01L001" parent="rig/root/ORG-Bone001/ORG-upper_armL/ORG-forearmL/ORG-handL/ORG-palm04L001" index="0"]
transform = Transform( 0.80484, 0.252431, 0.537133, -0.0287675, 0.920566, -0.389525, -0.592795, 0.298053, 0.74817, -1.38882e-08, 0.295844, 2.29378e-08 )

[node name="ORG-f_pinky02L001" parent="rig/root/ORG-Bone001/ORG-upper_armL/ORG-forearmL/ORG-handL/ORG-palm04L001/ORG-f_pinky01L001" index="0"]
transform = Transform( 1, 6.65844e-07, -1.07746e-06, -1.26224e-06, 0.594442, -0.804139, 1.05059e-07, 0.804139, 0.594442, 2.98023e-08, 0.194457, 2.01911e-07 )

[node name="DEF-f_pinky01L001" parent="rig/root/ORG-Bone001/ORG-upper_armL/ORG-forearmL/ORG-handL/ORG-palm04L001" index="1"]
transform = Transform( 0.80484, 0.252431, 0.537133, -0.0287675, 0.920566, -0.389525, -0.592795, 0.298053, 0.74817, -1.38882e-08, 0.295844, 2.29378e-08 )

[node name="DEF-f_pinky02L001" parent="rig/root/ORG-Bone001/ORG-upper_armL/ORG-forearmL/ORG-handL/ORG-palm04L001/DEF-f_pinky01L001" index="0"]
transform = Transform( 1, 6.65844e-07, -1.07746e-06, -1.26224e-06, 0.594442, -0.804139, 1.05059e-07, 0.804139, 0.594442, 2.98023e-08, 0.194457, 2.01911e-07 )

[node name="f_pinky01_masterL001" parent="rig/root/ORG-Bone001/ORG-upper_armL/ORG-forearmL/ORG-handL/ORG-palm04L001" index="2"]
transform = Transform( 0.83547, 0.221051, 0.469483, -0.0563218, 0.692173, -0.443844, -0.546642, 0.266532, 0.763274, 2.70216e-08, 0.295844, -7.95838e-08 )

[node name="MCH-f_pinky01_drvL001" parent="rig/root/ORG-Bone001/ORG-upper_armL/ORG-forearmL/ORG-handL/ORG-palm04L001" index="3"]
transform = Transform( 0.804839, 0.252431, 0.537134, -0.0287678, 0.920567, -0.389524, -0.592795, 0.298052, 0.74817, -4.68141e-08, 0.295844, 7.60365e-08 )

[node name="f_pinky01L0022" parent="rig/root/ORG-Bone001/ORG-upper_armL/ORG-forearmL/ORG-handL/ORG-palm04L001/MCH-f_pinky01_drvL001" index="0"]
transform = Transform( 1, -3.59491e-07, -1.03191e-06, 3.5949e-07, 1, -4.47035e-07, 1.03191e-06, 4.47035e-07, 1, -5.96048e-08, 3.35275e-08, 3.20375e-07 )

[node name="MCH-f_pinky02_drvL001" parent="rig/root/ORG-Bone001/ORG-upper_armL/ORG-forearmL/ORG-handL/ORG-palm04L001/MCH-f_pinky01_drvL001/f_pinky01L0022" index="0"]
transform = Transform( 1, 1.11525e-06, 4.26261e-07, -3.20181e-07, 0.594442, -0.804138, -1.15021e-06, 0.804139, 0.594442, 1.49012e-07, 0.194457, 1.7302e-07 )

[node name="f_pinky02L0012" parent="rig/root/ORG-Bone001/ORG-upper_armL/ORG-forearmL/ORG-handL/ORG-palm04L001/MCH-f_pinky01_drvL001/f_pinky01L0022/MCH-f_pinky02_drvL001" index="0"]
transform = Transform( 1, -6.70553e-07, -1.21538e-06, 6.70552e-07, 1, -6.37025e-07, 1.21538e-06, 6.37024e-07, 1, 4.47035e-08, -2.6077e-08, 1.71363e-07 )

[node name="f_pinky01L0032" parent="rig/root/ORG-Bone001/ORG-upper_armL/ORG-forearmL/ORG-handL/ORG-palm04L001/MCH-f_pinky01_drvL001/f_pinky01L0022/MCH-f_pinky02_drvL001/f_pinky02L0012" index="0"]
transform = Transform( -0.0993313, 4.2867e-07, -0.995055, -1.10319e-06, -1, -3.20675e-07, -0.995055, 1.06588e-06, 0.0993312, 1.3268e-07, 0.136616, -7.77891e-08 )

[node name="MCH-f_pinky02L001" parent="rig/root/ORG-Bone001/ORG-upper_armL/ORG-forearmL/ORG-handL/ORG-palm04L001/MCH-f_pinky01_drvL001/f_pinky01L0022/MCH-f_pinky02_drvL001/f_pinky02L0012" index="1"]
transform = Transform( 1, -3.35276e-08, -1.44355e-07, 3.35276e-08, 1, -1.30385e-07, 1.44355e-07, 1.30385e-07, 1, 1.49012e-07, 7.82311e-08, 2.98023e-08 )

[node name="MCH-f_pinky01L001" parent="rig/root/ORG-Bone001/ORG-upper_armL/ORG-forearmL/ORG-handL/ORG-palm04L001" index="4"]
transform = Transform( 0.80484, 0.252431, 0.537133, -0.0287675, 0.920566, -0.389525, -0.592795, 0.298053, 0.74817, -1.38882e-08, 0.295844, 2.29378e-08 )

[node name="ORG-palm04L002" parent="rig/root/ORG-Bone001/ORG-upper_armL/ORG-forearmL/ORG-handL" index="2"]
transform = Transform( -0.748264, 0.0152693, 0.663226, 0.237272, 0.939764, 0.246058, -0.619519, 0.341481, -0.706815, 0.0882924, 0.0672572, 0.0306452 )

[node name="ORG-f_pinky01L002" parent="rig/root/ORG-Bone001/ORG-upper_armL/ORG-forearmL/ORG-handL/ORG-palm04L002" index="0"]
transform = Transform( 0.915439, -0.149894, 0.373502, 0.262159, 0.926245, -0.270819, -0.30536, 0.345835, 0.887217, 5.4321e-08, 0.232535, 3.15666e-07 )

[node name="ORG-f_pinky01L003" parent="rig/root/ORG-Bone001/ORG-upper_armL/ORG-forearmL/ORG-handL/ORG-palm04L002/ORG-f_pinky01L002" index="0"]
transform = Transform( 1, 3.47941e-05, 1.40478e-05, -2.57261e-06, 0.437075, -0.899426, -3.74346e-05, 0.899426, 0.437075, -2.98016e-08, 0.175349, 6.98055e-08 )

[node name="DEF-f_pinky01L002" parent="rig/root/ORG-Bone001/ORG-upper_armL/ORG-forearmL/ORG-handL/ORG-palm04L002" index="1"]
transform = Transform( 0.915439, -0.149894, 0.373502, 0.262159, 0.926245, -0.270819, -0.30536, 0.345835, 0.887217, 5.4321e-08, 0.232535, 3.15666e-07 )

[node name="DEF-f_pinky01L003" parent="rig/root/ORG-Bone001/ORG-upper_armL/ORG-forearmL/ORG-handL/ORG-palm04L002/DEF-f_pinky01L002" index="0"]
transform = Transform( 1, 3.47941e-05, 1.40478e-05, -2.57261e-06, 0.437075, -0.899426, -3.74346e-05, 0.899426, 0.437075, -2.98016e-08, 0.175349, 6.98055e-08 )

[node name="f_pinky01_masterL002" parent="rig/root/ORG-Bone001/ORG-upper_armL/ORG-forearmL/ORG-handL/ORG-palm04L002" index="2"]
transform = Transform( 0.946436, -0.0935978, 0.297063, 0.23123, 0.671457, -0.350033, -0.225367, 0.295859, 0.888386, -2.13097e-08, 0.232535, -1.72592e-07 )

[node name="MCH-f_pinky01_drvL002" parent="rig/root/ORG-Bone001/ORG-upper_armL/ORG-forearmL/ORG-handL/ORG-palm04L002" index="3"]
transform = Transform( 0.915439, -0.149894, 0.373503, 0.262159, 0.926245, -0.270819, -0.305361, 0.345835, 0.887216, -7.62779e-08, 0.232536, 2.7388e-07 )

[node name="f_pinky01L004" parent="rig/root/ORG-Bone001/ORG-upper_armL/ORG-forearmL/ORG-handL/ORG-palm04L002/MCH-f_pinky01_drvL002" index="0"]
transform = Transform( 1, -3.27826e-07, -9.90927e-07, 3.27825e-07, 1, -4.58211e-07, 9.90927e-07, 4.58211e-07, 1, -7.45058e-09, 2.98023e-08, 4.47035e-08 )

[node name="MCH-f_pinky01_drvL003" parent="rig/root/ORG-Bone001/ORG-upper_armL/ORG-forearmL/ORG-handL/ORG-palm04L002/MCH-f_pinky01_drvL002/f_pinky01L004" index="0"]
transform = Transform( 1, 3.63813e-05, 1.6707e-05, -8.7477e-07, 0.437078, -0.899424, -4.00245e-05, 0.899424, 0.437078, -3.72537e-08, 0.175349, -6.23559e-08 )

[node name="f_pinky01L005" parent="rig/root/ORG-Bone001/ORG-upper_armL/ORG-forearmL/ORG-handL/ORG-palm04L002/MCH-f_pinky01_drvL002/f_pinky01L004/MCH-f_pinky01_drvL003" index="0"]
transform = Transform( 1, -8.7172e-07, -2.7963e-06, 8.71716e-07, 1, -1.63983e-06, 2.7963e-06, 1.63982e-06, 1, 8.94071e-08, -1.93715e-07, -4.19113e-09 )

[node name="f_pinky01L006" parent="rig/root/ORG-Bone001/ORG-upper_armL/ORG-forearmL/ORG-handL/ORG-palm04L002/MCH-f_pinky01_drvL002/f_pinky01L004/MCH-f_pinky01_drvL003/f_pinky01L005" index="0"]
transform = Transform( 0.471561, -9.9888e-07, -0.881833, -9.82974e-07, -1, 6.07085e-07, -0.881833, 5.80542e-07, -0.471561, -5.70703e-08, 0.0823945, 6.21111e-08 )

[node name="MCH-f_pinky01L003" parent="rig/root/ORG-Bone001/ORG-upper_armL/ORG-forearmL/ORG-handL/ORG-palm04L002/MCH-f_pinky01_drvL002/f_pinky01L004/MCH-f_pinky01_drvL003/f_pinky01L005" index="1"]
transform = Transform( 1, -4.47035e-07, -1.42958e-07, 4.47035e-07, 1, -3.05241e-07, 1.42958e-07, 3.05241e-07, 1, -7.45059e-09, -2.23517e-07, -3.11993e-08 )

[node name="MCH-f_pinky01L002" parent="rig/root/ORG-Bone001/ORG-upper_armL/ORG-forearmL/ORG-handL/ORG-palm04L002" index="4"]
transform = Transform( 0.915439, -0.149894, 0.373502, 0.262159, 0.926245, -0.270819, -0.30536, 0.345835, 0.887217, 5.4321e-08, 0.232535, 3.15666e-07 )

[node name="MCH-hand_tweakL" parent="rig/root/ORG-Bone001/ORG-upper_armL/ORG-forearmL/ORG-handL" index="3"]
transform = Transform( 1, -7.15256e-07, 1.68011e-06, 7.15256e-07, 1, -1.26659e-07, -1.68011e-06, 1.2666e-07, 1, -2.6077e-08, 1.45286e-07, -3.53901e-08 )

[node name="hand_tweakL" parent="rig/root/ORG-Bone001/ORG-upper_armL/ORG-forearmL/ORG-handL/MCH-hand_tweakL" index="0"]
transform = Transform( 1, -1.63913e-07, 4.09782e-08, 1.63913e-07, 1, -3.76254e-07, -4.09782e-08, 3.76254e-07, 1, 8.9407e-08, -1.17347e-07, -8.19564e-08 )

[node name="MCH-forearm_tweakL" parent="rig/root/ORG-Bone001/ORG-upper_armL/ORG-forearmL" index="1"]
transform = Transform( 1, 1.41561e-07, -1.75089e-07, -1.41561e-07, 1, -1.86265e-07, 1.75089e-07, 1.86265e-07, 1, 3.241e-07, 5.7742e-08, 3.72531e-09 )

[node name="forearm_tweakL" parent="rig/root/ORG-Bone001/ORG-upper_armL/ORG-forearmL/MCH-forearm_tweakL" index="0"]
transform = Transform( 1, 7.45059e-08, -1.91852e-07, -7.45058e-08, 1, 4.20958e-07, 1.91852e-07, -4.20958e-07, 1, 6.70552e-08, -4.84288e-08, -1.04308e-07 )

[node name="MCH-forearm_tweakL001" parent="rig/root/ORG-Bone001/ORG-upper_armL/ORG-forearmL" index="2"]
transform = Transform( 1, -7.30093e-07, 0.000197184, 7.30205e-07, 1, -5.66191e-07, -0.000197184, 5.66334e-07, 1, 4.28409e-08, 0.387981, 3.81842e-08 )

[node name="forearm_tweakL001" parent="rig/root/ORG-Bone001/ORG-upper_armL/ORG-forearmL/MCH-forearm_tweakL001" index="0"]
transform = Transform( 1, 6.70552e-08, -1.90921e-07, -6.70552e-08, 1, 7.07805e-08, 1.90921e-07, -7.07805e-08, 1, 1.2666e-07, 1.5134e-07, 4.65664e-09 )

[node name="MCH-upper_arm_tweakL001" parent="rig/root/ORG-Bone001/ORG-upper_armL" index="1"]
transform = Transform( 0.999999, 2.15135e-07, 1.397e-08, -2.15135e-07, 0.999999, -1.03843e-07, -1.397e-08, 1.03843e-07, 1, 5.96048e-08, 0.57252, -8.19564e-08 )

[node name="upper_arm_tweakL001" parent="rig/root/ORG-Bone001/ORG-upper_armL/MCH-upper_arm_tweakL001" index="0"]
transform = Transform( 1, -6.60308e-07, 8.48901e-07, 6.60308e-07, 1, -5.67175e-07, -8.48901e-07, 5.67176e-07, 1, 7.45053e-09, 6.72881e-08, -6.70552e-08 )

[node name="ORG-upper_armR" parent="rig/root/ORG-Bone001" index="1"]
transform = Transform( -0.773143, 0.0307291, -0.59653, -0.0678033, -0.973921, 0.0377079, -0.59346, 0.0712383, 0.772834, -0.978557, 1.1501, -0.104102 )

[node name="ORG-forearmR" parent="rig/root/ORG-Bone001/ORG-upper_armR" index="0"]
transform = Transform( 0.990218, -1.95349e-07, -8.63379e-08, -1.07921e-07, -0.112224, -0.983838, 1.84306e-07, 0.983838, -0.112224, 2.23517e-08, 1.14504, 9.48882e-08 )

[node name="ORG-handR" parent="rig/root/ORG-Bone001/ORG-upper_armR/ORG-forearmR" index="0"]
transform = Transform( 0.45388, -0.755454, 0.540098, 0.678149, 0.680326, 0.3817, -0.634452, 0.186738, 0.794369, -1.45631e-07, 0.775962, 2.0301e-07 )

[node name="ORG-palm04R" parent="rig/root/ORG-Bone001/ORG-upper_armR/ORG-forearmR/ORG-handR" index="0"]
transform = Transform( -0.258067, 0.664889, -0.700946, 0.607684, 0.67574, 0.417249, 0.75108, -0.318275, -0.578428, -0.00919632, 0.0566853, -0.0427512 )

[node name="ORG-f_pinky01R" parent="rig/root/ORG-Bone001/ORG-upper_armR/ORG-forearmR/ORG-handR/ORG-palm04R" index="0"]
transform = Transform( 0.702427, 0.347829, -0.620975, -0.476064, 0.878174, -0.0466124, 0.529112, 0.328365, 0.782443, 0.0123381, 0.252498, 0.0721409 )

[node name="ORG-f_pinky02R" parent="rig/root/ORG-Bone001/ORG-upper_armR/ORG-forearmR/ORG-handR/ORG-palm04R/ORG-f_pinky01R" index="0"]
transform = Transform( 0.988073, 0.12316, 0.0924346, 7.26432e-07, 0.600262, -0.799803, -0.153989, 0.790261, 0.593104, 1.11759e-08, 0.177151, 7.40401e-08 )

[node name="DEF-f_pinky01R" parent="rig/root/ORG-Bone001/ORG-upper_armR/ORG-forearmR/ORG-handR/ORG-palm04R" index="1"]
transform = Transform( 0.702427, 0.347829, -0.620975, -0.476064, 0.878174, -0.0466124, 0.529112, 0.328365, 0.782443, 0.0123381, 0.252498, 0.0721409 )

[node name="DEF-f_pinky02R" parent="rig/root/ORG-Bone001/ORG-upper_armR/ORG-forearmR/ORG-handR/ORG-palm04R/DEF-f_pinky01R" index="0"]
transform = Transform( 0.988073, 0.12316, 0.0924346, 7.26432e-07, 0.600262, -0.799803, -0.153989, 0.790261, 0.593104, 1.11759e-08, 0.177151, 7.40401e-08 )

[node name="f_pinky01_masterR" parent="rig/root/ORG-Bone001/ORG-upper_armR/ORG-forearmR/ORG-handR/ORG-palm04R" index="2"]
transform = Transform( 0.843166, 0.23688, -0.450419, -0.430557, 0.702316, -0.238616, 0.322013, 0.318803, 0.86034, 0.0123382, 0.252498, 0.072141 )

[node name="MCH-f_pinky01_drvR" parent="rig/root/ORG-Bone001/ORG-upper_armR/ORG-forearmR/ORG-handR/ORG-palm04R" index="3"]
transform = Transform( 0.789673, 0.34783, -0.505403, -0.463207, 0.878175, -0.119364, 0.402314, 0.328365, 0.854588, 0.0123378, 0.252498, 0.072141 )

[node name="f_pinky01R2" parent="rig/root/ORG-Bone001/ORG-upper_armR/ORG-forearmR/ORG-handR/ORG-palm04R/MCH-f_pinky01_drvR" index="0"]
transform = Transform( 1, 4.24683e-07, 9.8483e-07, -4.24683e-07, 1, -7.80449e-07, -9.8483e-07, 7.80448e-07, 1, -1.06171e-07, -4.71467e-09, 3.35277e-08 )

[node name="MCH-f_pinky02_drvR" parent="rig/root/ORG-Bone001/ORG-upper_armR/ORG-forearmR/ORG-handR/ORG-palm04R/MCH-f_pinky01_drvR/f_pinky01R2" index="0"]
transform = Transform( 1, -4.80505e-07, 1.03584e-08, 2.96714e-07, 0.600262, -0.799803, 3.78092e-07, 0.799803, 0.600262, 1.05239e-07, 0.177151, 6.57926e-08 )

[node name="f_pinky02R2" parent="rig/root/ORG-Bone001/ORG-upper_armR/ORG-forearmR/ORG-handR/ORG-palm04R/MCH-f_pinky01_drvR/f_pinky01R2/MCH-f_pinky02_drvR" index="0"]
transform = Transform( 1, 3.01749e-07, 3.10596e-07, -3.01748e-07, 1, -3.63216e-07, -3.10596e-07, 3.63216e-07, 1, -1.30384e-08, 9.90694e-08, 6.0536e-08 )

[node name="f_pinky01R0012" parent="rig/root/ORG-Bone001/ORG-upper_armR/ORG-forearmR/ORG-handR/ORG-palm04R/MCH-f_pinky01_drvR/f_pinky01R2/MCH-f_pinky02_drvR/f_pinky02R2" index="0"]
transform = Transform( -0.498473, -9.79562e-09, 0.866905, -2.19517e-08, -1, -2.39219e-08, 0.866905, -3.09545e-08, 0.498473, -7.65827e-08, 0.145747, -1.38588e-07 )

[node name="MCH-f_pinky02R" parent="rig/root/ORG-Bone001/ORG-upper_armR/ORG-forearmR/ORG-handR/ORG-palm04R/MCH-f_pinky01_drvR/f_pinky01R2/MCH-f_pinky02_drvR/f_pinky02R2" index="1"]
transform = Transform( 1, -8.19563e-07, -1.16882e-07, 8.19565e-07, 0.999998, 1.73785e-06, 1.1688e-07, -1.73785e-06, 1, -4.56348e-08, 9.77889e-08, -7.96281e-08 )

[node name="MCH-f_pinky01R" parent="rig/root/ORG-Bone001/ORG-upper_armR/ORG-forearmR/ORG-handR/ORG-palm04R" index="4"]
transform = Transform( 0.702427, 0.347829, -0.620975, -0.476064, 0.878174, -0.0466124, 0.529112, 0.328365, 0.782443, 0.0123381, 0.252498, 0.0721409 )

[node name="ORG-palm04R001" parent="rig/root/ORG-Bone001/ORG-upper_armR/ORG-forearmR/ORG-handR" index="1"]
transform = Transform( -0.671916, 0.260659, -0.693243, -0.0351241, 0.923753, 0.381375, 0.739794, 0.280601, -0.611529, -0.0480011, 0.0259457, -0.0327567 )

[node name="ORG-f_pinky01R001" parent="rig/root/ORG-Bone001/ORG-upper_armR/ORG-forearmR/ORG-handR/ORG-palm04R001" index="0"]
transform = Transform( 0.833945, -0.00958322, -0.551765, -0.178093, 0.941678, -0.285528, 0.522321, 0.33638, 0.783601, 1.14651e-07, 0.295844, -1.178e-07 )

[node name="ORG-f_pinky02R001" parent="rig/root/ORG-Bone001/ORG-upper_armR/ORG-forearmR/ORG-handR/ORG-palm04R001/ORG-f_pinky01R001" index="0"]
transform = Transform( 0.967112, 0.249732, 0.0482574, 2.52575e-06, 0.189716, -0.981839, -0.254353, 0.949543, 0.183477, 5.96047e-08, 0.194457, -2.67642e-07 )

[node name="DEF-f_pinky01R001" parent="rig/root/ORG-Bone001/ORG-upper_armR/ORG-forearmR/ORG-handR/ORG-palm04R001" index="1"]
transform = Transform( 0.833945, -0.00958322, -0.551765, -0.178093, 0.941678, -0.285528, 0.522321, 0.33638, 0.783601, 1.14651e-07, 0.295844, -1.178e-07 )

[node name="DEF-f_pinky02R001" parent="rig/root/ORG-Bone001/ORG-upper_armR/ORG-forearmR/ORG-handR/ORG-palm04R001/DEF-f_pinky01R001" index="0"]
transform = Transform( 0.967112, 0.249732, 0.0482574, 2.52575e-06, 0.189716, -0.981839, -0.254353, 0.949543, 0.183477, 5.96047e-08, 0.194457, -2.67642e-07 )

[node name="f_pinky01_masterR001" parent="rig/root/ORG-Bone001/ORG-upper_armR/ORG-forearmR/ORG-handR/ORG-palm04R001" index="2"]
transform = Transform( 0.967316, -0.02686, -0.249986, -0.05432, 0.586729, -0.36798, 0.247685, 0.233576, 0.895599, -5.32791e-09, 0.295844, 4.61927e-09 )

[node name="MCH-f_pinky01_drvR001" parent="rig/root/ORG-Bone001/ORG-upper_armR/ORG-forearmR/ORG-handR/ORG-palm04R001" index="3"]
transform = Transform( 0.946861, -0.00958366, -0.3215, -0.0996092, 0.941679, -0.321433, 0.30583, 0.336377, 0.890684, 1.69537e-07, 0.295844, 1.66479e-07 )

[node name="f_pinky01R0022" parent="rig/root/ORG-Bone001/ORG-upper_armR/ORG-forearmR/ORG-handR/ORG-palm04R001/MCH-f_pinky01_drvR001" index="0"]
transform = Transform( 1, 3.63216e-07, 7.83242e-07, -3.63216e-07, 1, -5.62519e-07, -7.83242e-07, 5.62519e-07, 1, 8.9407e-08, 2.6077e-08, 9.68575e-08 )

[node name="MCH-f_pinky02_drvR001" parent="rig/root/ORG-Bone001/ORG-upper_armR/ORG-forearmR/ORG-handR/ORG-palm04R001/MCH-f_pinky01_drvR001/f_pinky01R0022" index="0"]
transform = Transform( 1, -1.10858e-06, 3.99602e-08, 2.49549e-07, 0.189716, -0.981839, 1.08087e-06, 0.981839, 0.189716, -2.38418e-07, 0.194457, -3.09033e-07 )

[node name="f_pinky02R0012" parent="rig/root/ORG-Bone001/ORG-upper_armR/ORG-forearmR/ORG-handR/ORG-palm04R001/MCH-f_pinky01_drvR001/f_pinky01R0022/MCH-f_pinky02_drvR001" index="0"]
transform = Transform( 1, 6.48201e-07, 1.0496e-06, -6.482e-07, 1, -5.81146e-07, -1.0496e-06, 5.81145e-07, 1, -1.49013e-08, 1.48326e-13, 1.35669e-13 )

[node name="f_pinky01R0032" parent="rig/root/ORG-Bone001/ORG-upper_armR/ORG-forearmR/ORG-handR/ORG-palm04R001/MCH-f_pinky01_drvR001/f_pinky01R0022/MCH-f_pinky02_drvR001/f_pinky02R0012" index="0"]
transform = Transform( -0.0993313, -3.90494e-07, 0.995055, 1.15252e-06, -1, -2.77385e-07, 0.995055, 1.11926e-06, 0.0993311, 4.36676e-08, 0.136616, 1.75439e-07 )

[node name="MCH-f_pinky02R001" parent="rig/root/ORG-Bone001/ORG-upper_armR/ORG-forearmR/ORG-handR/ORG-palm04R001/MCH-f_pinky01_drvR001/f_pinky01R0022/MCH-f_pinky02_drvR001/f_pinky02R0012" index="1"]
transform = Transform( 1, -2.23144e-06, -3.53901e-08, 2.23145e-06, 0.999995, -1.2666e-07, 3.53904e-08, 1.2666e-07, 1, 2.08616e-07, 2.57045e-07, -1.08033e-07 )

[node name="MCH-f_pinky01R001" parent="rig/root/ORG-Bone001/ORG-upper_armR/ORG-forearmR/ORG-handR/ORG-palm04R001" index="4"]
transform = Transform( 0.833945, -0.00958322, -0.551765, -0.178093, 0.941678, -0.285528, 0.522321, 0.33638, 0.783601, 1.14651e-07, 0.295844, -1.178e-07 )

[node name="ORG-palm04R002" parent="rig/root/ORG-Bone001/ORG-upper_armR/ORG-forearmR/ORG-handR" index="2"]
transform = Transform( -0.748264, -0.0152694, -0.663226, -0.237272, 0.939764, 0.246058, 0.619519, 0.341481, -0.706814, -0.0882923, 0.0672573, 0.0306452 )

[node name="ORG-f_pinky01R002" parent="rig/root/ORG-Bone001/ORG-upper_armR/ORG-forearmR/ORG-handR/ORG-palm04R002" index="0"]
transform = Transform( 0.855956, 0.374549, -0.356443, -0.464702, 0.859532, -0.212733, 0.226695, 0.34773, 0.909776, 5.67516e-08, 0.232535, 6.74318e-07 )

[node name="ORG-f_pinky01R003" parent="rig/root/ORG-Bone001/ORG-upper_armR/ORG-forearmR/ORG-handR/ORG-palm04R002/ORG-f_pinky01R002" index="0"]
transform = Transform( 0.998679, -0.0152174, -0.0490822, -1.96602e-06, 0.955139, -0.296168, 0.0513871, 0.295778, 0.953874, 4.4714e-08, 0.175349, -1.91272e-07 )

[node name="DEF-f_pinky01R002" parent="rig/root/ORG-Bone001/ORG-upper_armR/ORG-forearmR/ORG-handR/ORG-palm04R002" index="1"]
transform = Transform( 0.855956, 0.374549, -0.356443, -0.464702, 0.859532, -0.212733, 0.226695, 0.34773, 0.909776, 5.67516e-08, 0.232535, 6.74318e-07 )

[node name="DEF-f_pinky01R003" parent="rig/root/ORG-Bone001/ORG-upper_armR/ORG-forearmR/ORG-handR/ORG-palm04R002/DEF-f_pinky01R002" index="0"]
transform = Transform( 0.998679, -0.0152174, -0.0490822, -1.96602e-06, 0.955139, -0.296168, 0.0513871, 0.295778, 0.953874, 4.4714e-08, 0.175349, -1.91272e-07 )

[node name="f_pinky01_masterR002" parent="rig/root/ORG-Bone001/ORG-upper_armR/ORG-forearmR/ORG-handR/ORG-palm04R002" index="2"]
transform = Transform( 0.87632, 0.353864, -0.326868, -0.445462, 0.853547, -0.270224, 0.183375, 0.38241, 0.905614, -5.32194e-08, 0.232536, -7.52946e-08 )

[node name="MCH-f_pinky01_drvR002" parent="rig/root/ORG-Bone001/ORG-upper_armR/ORG-forearmR/ORG-handR/ORG-palm04R002" index="3"]
transform = Transform( 0.836523, 0.37455, -0.399928, -0.475014, 0.859532, -0.188589, 0.273115, 0.34773, 0.896935, 3.09494e-07, 0.232535, 5.17392e-07 )

[node name="f_pinky01R004" parent="rig/root/ORG-Bone001/ORG-upper_armR/ORG-forearmR/ORG-handR/ORG-palm04R002/MCH-f_pinky01_drvR002" index="0"]
transform = Transform( 1, 2.38419e-07, 8.9407e-07, -2.38418e-07, 1, -3.50177e-07, -8.9407e-07, 3.50177e-07, 1, 2.98021e-08, -1.19209e-07, -2.83122e-07 )

[node name="MCH-f_pinky01_drvR003" parent="rig/root/ORG-Bone001/ORG-upper_armR/ORG-forearmR/ORG-handR/ORG-palm04R002/MCH-f_pinky01_drvR002/f_pinky01R004" index="0"]
transform = Transform( 1, -1.27288e-05, -3.78943e-05, 9.34866e-07, 0.955137, -0.296164, 3.99641e-05, 0.296164, 0.955137, 2.01157e-07, 0.175349, 2.32427e-07 )

[node name="f_pinky01R005" parent="rig/root/ORG-Bone001/ORG-upper_armR/ORG-forearmR/ORG-handR/ORG-palm04R002/MCH-f_pinky01_drvR002/f_pinky01R004/MCH-f_pinky01_drvR003" index="0"]
transform = Transform( 1, 8.49369e-07, 2.85637e-06, -8.49364e-07, 1, -1.70665e-06, -2.85637e-06, 1.70665e-06, 1, 1.04308e-07, 1.78814e-07, 1.49011e-08 )

[node name="f_pinky01R006" parent="rig/root/ORG-Bone001/ORG-upper_armR/ORG-forearmR/ORG-handR/ORG-palm04R002/MCH-f_pinky01_drvR002/f_pinky01R004/MCH-f_pinky01_drvR003/f_pinky01R005" index="0"]
transform = Transform( 0.471561, 7.26276e-07, 0.881833, 1.04085e-06, -1, 2.67003e-07, 0.881833, 7.91947e-07, -0.471561, -4.49665e-08, 0.0823946, -2.24849e-07 )

[node name="MCH-f_pinky01R003" parent="rig/root/ORG-Bone001/ORG-upper_armR/ORG-forearmR/ORG-handR/ORG-palm04R002/MCH-f_pinky01_drvR002/f_pinky01R004/MCH-f_pinky01_drvR003/f_pinky01R005" index="1"]
transform = Transform( 1, 2.57045e-06, 1.73687e-07, -2.57045e-06, 1, -3.29781e-06, -1.73696e-07, 3.29782e-06, 1, -1.3411e-07, -7.45058e-08, -2.468e-08 )

[node name="MCH-f_pinky01R002" parent="rig/root/ORG-Bone001/ORG-upper_armR/ORG-forearmR/ORG-handR/ORG-palm04R002" index="4"]
transform = Transform( 0.855956, 0.374549, -0.356443, -0.464702, 0.859532, -0.212733, 0.226695, 0.34773, 0.909776, 5.67516e-08, 0.232535, 6.74318e-07 )

[node name="MCH-hand_tweakR" parent="rig/root/ORG-Bone001/ORG-upper_armR/ORG-forearmR/ORG-handR" index="3"]
transform = Transform( 1, 4.76837e-07, -1.59815e-06, -4.76838e-07, 1, -4.95463e-07, 1.59815e-06, 4.95464e-07, 1, -6.14673e-08, 3.16649e-08, -5.2154e-08 )

