[gd_scene load_steps=2 format=2]

[ext_resource path="res://Assets/Models/Bosses/FirstBoss/Boss_1.glb" type="PackedScene" id=1]

[node name="Boss_1" instance=ExtResource( 1 )]

[node name="Drill" parent="Body" index="0"]
transform = Transform( 1, 0, 0, 0, 1, 0, 0, 0, 1, 0, 0, 0 )

[node name="foot" parent="Body" index="1"]
transform = Transform( 1, 0, 0, 0, 1, 0, 0, 0, 1, 0, 0, 0 )

[node name="foot2" parent="Body" index="2"]
transform = Transform( -0.5, 0, 0.866025, 0, 1, 0, -0.866025, 0, -0.5, 0, 0, 0 )

[node name="foot2001" parent="Body" index="3"]
transform = Transform( -0.5, 0, -0.866025, 0, 1, 0, 0.866025, 0, -0.5, 0, 0, 0 )

[node name="Middle" parent="Body" index="4"]
transform = Transform( 1, 0, 0, 0, 1, 0, 0, 0, 1, 0, 3.6, 0 )

[node name="Cone010" parent="Body/Middle" index="0"]
transform = Transform( 1, 0, 0, 0, 1, 0, 0, 0, 1, 0, -3.5, 0 )

[node name="Cone011" parent="Body/Middle" index="1"]
transform = Transform( -0.5, 0, 0.866025, 0, 1, 0, -0.866025, 0, -0.5, 0, -3.5, 0 )

[node name="middle_gun" parent="Body/Middle" index="2"]
transform = Transform( -0.5, 0, -0.866025, 0, 1, 0, 0.866025, 0, -0.5, 0, -3.5, 0 )

[node name="Top" parent="Body" index="5"]
transform = Transform( 1, 0, 0, 0, 1, 0, 0, 0, 1, 0, 4.3, 0 )

[node name="Top_gun" parent="Body/Top" index="0"]
transform = Transform( 1, 0, 0, 0, 1, 0, 0, 0, 1, 0, -4.3, 0 )
